GATE_DS_SB: 1353,3368,48,35
GATE_SB_SL: 2571,2135,48,35
GATE_LF_SB: 800,2391,48,35
SB_F03: 744,2190,48,232
SB_A10: 800,2309,54,35
SB_A09: 657,2228,48,35
SB_H03: 656,2125,204,78
SB_S06: 564,3383,48,25
SB_H02: 864,2086,204,78
SB_A04: 808,2079,54,35
SB_A13: 758,2079,48,35
SB_A01: 848,3314,52,35
SB_A11: 863,2031,48,35
SB_B01: 934,2039,105,35
SB_S07: 933,2011,48,35
SB_A12: 1063,2032,48,35
SB_C01: 903,3316,148,35
SB_B02: 1053,3318,113,35
SB_C05: 1130,3136,48,121
SB_A03: 1071,2092,49,35
SB_E04: 1098,2121,254,38
SB_C06: 1214,3246,48,121
SB_S03: 1213,3288,48,35
SB_F02: 1197,3145,104,121
SB_D04: 1305,3231,48,150
SB_S04: 1300,3382,48,35
SB_G03: 1387,2128,355,35
SB_F01: 1422,3238,105,121
SB_J01: 1745,2119,252,78
SB_E02: 2006,2162,252,35
SB_G02: 2260,2162,362,35
SB_S05: 2617,2163,48,35
SB_C07: 1855,873,154,45
SB_J02: 2009,830,252,78
SB_J03: 1659,2074,504,37
SB_S02: 2064,2052,48,35
SB_I01: 1139,3026,152,120
SB_S01: 1191,1878,48,35
SB_D06: 1129,2883,48,154
SB_E05: 930,1620,262,35
SB_A14: 876,1620,54,35
SB_D02: 668,1620,204,35
SB_A02: 790,2901,48,35
SB_J04: 482,2876,255,78
SB_A08: 381,2881,48,35
SB_B03: 327,1631,48,78
SB_A07: 366,1595,48,35
SB_E03: 412,1619,255,40
SB_D05: 513,348,204,35
SB_A06: 604,312,48,35
SB_A05: 698,312,48,35
SB_D03: 122,1628,204,35
SB_D07: 98,1477,48,150
SB_D01: 165,1417,104,78
SB_C08: 291,1422,152,35
SB_E01: 460,1424,252,35
SB_E06: 714,1420,268,35
SB_C09: 985,1338,54,120
SB_L01: 1043,1256,210,126
GATE_SB_OE: 353,2142,48,35
GATE_SB_VS: 1713,3180,48,35
SB_E07: 1320,3128,151,80
SB_B04: 1418,3110,48,74
SB_S10: 1449,1881,48,35
SB_C10: 1360,3208,151,35
SB_G04: 1465,3136,247,72
SB_GOR01: 452,2129,192,35
SB_GOR02: 410,2163,146,44
SB_TESTB: 800,3416,105,35
SB_TESTC: 1061,3413,148,35
SB_C02: 908,3398,152,35
SB_TOPSIDE: 776,2447,96,35
SB_S09: 860,2426,48,35
SB_J10: 815,1972,504,35
SB_C11: 713,1983,48,114
GATE_CRTT_SB: 10,814,230,95
SB_LSA01: 405,879,48,35
SB_LSC01: 242,857,192,35
