SB_LSC01
192*35
3.9498*5.2664|0|0
-120,-52|809,-52|1739,-52|2657,-52
Border: Passable
0,18,26|0,20,11|1,20,11|1,39,6|0,67,6|1,85,28|0,96,6|0,125,4|1,158,25|0,169,33|



0

1|1|1|1|1|1|1|1|1|1|1|1|1|1|1|1|1|1|1|1|1|1|1|1|1|1|1|1|1|1|1|1|1|1|1|1|1|1|1|1|1|1|1|1|1|1|1|1|1|1|1|1|1|1|1|1|1|1|1|1|1|1|1|1|1|0,6|1|1|1|1|1|1|1|1|1|1|1|1|1|1|1|1|1|1|1|1|1|1|1|1|1|1|1|1|1|1|1|1|1|1|0,6|1|1|1|1|1|1|1|1|1|1|1|1|1|1|1|1|1|1|1|1|1|1|1|1|1|1|1|1|1|1|1|1|1|1|0,6|1|1|1|1|1|1|1|1|1|1|1|1|1|1|1|1|1|1|1|1|1|1|1|1|1|1|1|1|1,4,3|1|1|1|1|0,6|0,6|0,6|0,6|0,6|1|1|1|1|1|1|1|1|1|1|1|1|1|1|1|1|1|1|1|1|1|1|1|1|1|1,3|1|1|1|1|0,6|2,6|1|2,6|0,6|1|1|1|1|1|1|1|1|1|1|1|1|1|1|1|1|1|1|1,4,3|1|1|1|1|1|1|1,3|1|1|1|1|0,6|1|1|1|0,6|1|1|1|1|1|1|1|1|1|1|0,6|1|1|1|1|1|1|1|1,3|1|1|1|1|1|1|1,3|1|1|1|1|0,6|2,6|1|2,6|0,6|1|1|1|1|1|1|1|1|1|1|0,6|1|1|1|1|1|1|1|1,3|1|1|1|1|1|1|1,3|1|1|1|1|0,6|0,6|0,6|0,6|0,6|1|1|1|1|1|1|1|1|1|1|0,6|1|1|1|1|1|1|1|1,3|1|1|1|1|1|1|4,3,6|1|1|1|1|1|1|1|0,6|1|1|1|1|1|1|1|1|1|1|1|0,6|1|1|1|1|1|1|1|1,3|1|1|1|1|1|1|0,2|1|1|1|1|1|1|1|1|1|1|1|1|1|1|1|1|1|1|1|0,6|1|1|1|1|1|1|1|1,3|1|1|1|1|1|1|0|1|1|1|1|1|1|1|1|1|1|1|1|1|1|1|1|1|1|0,2,6|0,1|0,1,6|4,3,6|1,3|1,3|1,3|1,3|1,3|1,3|1|1,3|4,3,6|0,1,6|0|1|0|1|1|1|1|1|1|1|1|1|1|1|1|1|1|1|1|1|1|0,2,1,6|0,1|1|1|1|1|1|1|1|1|1|1,3|1|1|0|1|0|0|0,1,6|4,3,6|1,3|1,3|1,3|1,3|1,3|1,3|1,5,3|1|1|1|1|1|1|1|1|0,2,6|0|0,2|1|1|1|1|1|1|1|1|1,3|1|0|0|1|0|1|1|1|1|1|1|1|1|1|1|1|1|1|1|1|1|1|1|0,2|0|0,2|1|1|1|1|1|1|1|1|1,3|1|2|0|1|0|0,1|0,1,6|4,3,6|1,3|1,3|1,3|1,3|1,3|1,3|1,12,3|1|1|1|1|1|1|1|1|0|0|0,2|1|1|1|1|1|1|1|1|1,3|1|1|0,1|1|0,1|1|1|1|1|1|1|1|1|1|1|1|1|1|1|1,3|1,3|4,3,6|0,1,6|0|0|0,11|1|1|1|1|1|1|1|1|1,9,3|1|1|0|1|0|1|1|1|1|1|1|1|1|1|1|1|1|1|1|1,3|1|1|1|0|0|0,11|1|1|1|1|1|1|1|1|1|1|1|0|1|0|0,1|0,1,6|4,3,6|1,3|1|1|0,6|1|1|1|1|1|1|1|1,3|1|1|1|0|0|0,11|1|1|1|1|1|1|1|1|1|1|1|0|1|0|1|1|1|1,3|1|1|4,3,6|1|1|1|1|1,9,3|1,3|1,3|1,3|1|1|0,6|0|0|0|1|1|1|1|1|1|1|1|1|1|2|0|1|0|1|1|1|1,3|1|1|1,3|1|1|1|1|1|1|1|1|1|1|0|0|0|0|1|1|1|1|1|1|1|1|1|1|0|0|1|0|1|1|1|1,3|1|1|1,3|1|1|1|1|1|1|1|1|1|1|1|0|0|0|1|1|1|1|1|1|1|1|1|1|0|0|1|0|1|1|1|1,3|1|1|1,3|1|1|1|1|1|1|1|1|1|1|1|0|0|0|1|1|1|1|1|1|1|1|1|1|0|0|1|0|1|1|1|1,3|1|1|1,3|1|1|1|1|1|1|1|1|0,6|1|1|0|0|0|1|1|1|1|1|1|1|1|1|1|0|0|1|0|1|1|1|1,3|1|1|1,3|1|1|1|1|1|1|1|1|0|1|1|0|0|0|2|1|1|1|1|1|1|1|1|1|0|0|1|0|1|1|1|1,3|1|1|1,3|1|1|1|1|1|1|1|1|0,6|1|1|0,6|0|0|0|0|0|0|1|0|0|0|0|1|0|0|1|0|1|1|1|1,3|1|1|1,3|1|1|1|1|1|1|1|1|0,1,6|1|1|0,1,6|0,1|0|0|0|0|0|0|0|0|0|0|0|0|0|1|0|1|1|1|1,3|1|1|1,3|1|1|1|1|1|1|1|1|0|1|1|0,6|0|0|0|0|0|0|0|0|0|0|0,1|0,1|0,1|0,1|1|0|1|1|1|1,3|1|1|1,3|1|1|1|1|1|1|1|1|0,6|1|1|0,6|0|0|0|0|0|0|0|0|0|0|0|0|0|0|1|0|1|1|1|1,3|1|1|1,3|1|1|1|1|1|1|1|1|0,1,6|1|1|0,1,6|0|0|0|0|0|0|0|0|0|0|0|0|0|0,2|1|0|1|1|1|1,3|1|1|1,3|1|1|1|1|1|1|1|1|0,1,6|1|1|0,1,6|0,1|0,1|0,1|0|0|0|0|0|0|0|0|0|0,1|0,2,1|1|0|1|1|1|1,3|1|1|1,3|1|1|1|1|1|1|1|1|0,6|1|1|0,6|0|0|0|0|0|0|0|0|0|0|0|0|0|0,2|1|0|1|1|1|1,3|1|1|1,3|1|1|1|1|1|1|1|1|0,6|1|1|0,6|0|0|0|0|0|0|0,6|0|0|0|0|0,6|0|0|1|0|1|1|1|1,3|1|1|1,3|1|1|1|1|1|1|1|1|0,6|1|1|0,6|0|0|0|0,6|0,6|0,6|0,6|0,6|0,6|0,6|0,6|0,6|0|0|1|0|1|1|1|1,3|1|1|1,3|1|1|1|1|1|1|1|1|0,1,6|1|1|0,1,6|0,1|0|0,6|0,6|0,6|0,6|0,6|0,6|0,6|0,6|0,6|0,6|0|0|1|0|1|1|1|1,3|1|1|1,3|1|1|1|1|1|1|1|1|0,6|1|1|0,6|0|0|0,6|0,6|0,6|0,6|0,6|0,6|0,6|0,6|0,6|0,6|0|0|1|0|1|1|1|1,3|1|1|1,3|4,3,6|0,6|1|1|1|1|1|1|0|1|1|0|0|0|0,2,1,6|0,1,6|0,1,6|0,2,1,6|0,1,6|0,1,6|0,2,1,6|0,1,6|0,1,6|0,2,1,6|0,1|0,1|1|0|1|1|1|1,3|1|1|1|1|1|1|1|1|1|1|1|0,6|1|1|0|0|0|0,2,6|0,6|0,6|0,2,6|0,6|0,6|0,2,6|0,6|0,6|0,2,6|0|0|1|0|1|1|1|1,3|1|1|1|1|1|1|1|1|1|1|1|0,6|1|1|0,2|0|0|0,2,6|0,6|0,6|0,2,6|0,6|0,6|0,2,6|0,6|0,6|0,2,6|0|0|1|0|1|1|1|1,3|1|1|1|1|1|1|1|1|1|1|1|0,6|1|1|0,2|0|0|0,2,1,6|0,1,6|0,1,6|0,2,1,6|0,1,6|0,1,6|0,2,1,6|0,1,6|0,1,6|0,2,1,6|0,1,6|0,1|1|0|1|1|1|1,3|1|1|1|1|1|1|1|1|1|1|1|0,6|1|1|0,2|0|0|0,6|0,6|0,6|0,6|1|0,6|0,6|0,6|0,6|1|0,6|0|1|0|1|1|1|1,3|1|1|1|1|1|1|1|1|1|1|1|1|1|1|0,2,6|0|0|2,6|1|1|1|1|1|1|1|1|1|0,6|0|1|0|1|1|1|1,3|1|1|1|1|1|1|1|1|1|1|1|1|1|1|0,2,6|0|0|1|1|1|1|1|1|1|1|1|1|0,6|0|1|0|1|1|1|1,3|1|1|1|1|1|1|1|1|1|1|1|1|1|1|0,2,6|0,2|0|1|1|1|1|1|1|1|1|1|1|0|0|1|0|1|1|1|1,3|1|1|1|1|1|1|1|1|1|1|1|1|1|1|1|0,2,6|0|1|1|1|1|1|1|1|1|1|1|0|1|1|0|1|1|1|1,3|1|1|1|1|1|1|1|1|1|1|1|1|1,3|4,3,6|0,1,6|0,2,6|0|1|1|1,3|1,3|1,3|1,3|1,3|1,3|4,3,6|0,1,6|0,1|0,1|0,1,6|0,1|0,1,6|4,3,3,6|1,3|1,3|1|1|1|1|1|1|1|1|1|1|1|1|1,3|1|1|0,2,1,6|0,1,6|1|1|1,3|1|1|1|1|1|1|1|2|0|1|0|1|1|1|1|1|1|1|1|1|1|1|1|1|1|1|1|1,3|1|1|1|0,1,6|1|1|1,3|1|1|1|1|1|1|1|1|0|1|0|1|1|1|1|1|1|1|1|1|1|1|1|1|1|1|1,3|1,3|1|1|1|0,1,6|1|1|1,3|1|1|1|1|1|1|1|1|1|1|0|1|1|1|1|1|1|1|1|1|1|1|1|1|1|1|1,3|1,3|1|1|0,2,6|0,6|1|1|1,3|1|1|1|1|1|1|1|1|1|1|0|1|1|1|1|1|1|1|1|1|1|1|1|1|1|1|1|1,3|0,6|0,2,6|0,2,6|0|0,1,6|4,3,6|1,3|1|1|1|1|1|1|1|1|0|1|0|1|1|1|1|1|1|1|1|1|1|1|1|1|1|1|1|1,3|0,6|0,2,6|0,6|0|1|1|1|1|1|1|1|1|1|1|2|0|1|0|1|1|1|1|1|1|1|1|1|1|1|1|1|1|1|1|1,3|0,6|0,2|0|0|1|1|1|1|1|1|1|1|1|1|0|0|1|0|1|1|1|1|1|1|1|1|1|1|1|1|1|1|1|0,6|1,3|0,6|0,2,6|0|0|1|1|1|1|1|1|1|1|1|1|0|0|1|0|1|1|1|1|1|1,4,3|1|1|1|1|1|1|1|1|1|0,6|1,3|0,6|0,2|0|0|1|1|1|1|1|1|1|1|1|1|0|0|1|0|1|1|1|1|1|1,3|1|1|1|1|1|1|1|1|1|0,6|1,3|0,6|0,2|0|0|1|1|1|1|1|1|1|1|1|1|0|0|1|0|1|1|1|1|1|1,3|1|1|1|1|1|1|1|1|1|0,6|1,3|0,6|0,2|0|0|1|1|1|1|1|1|1|1|1|1|0|0|1|0|1|1|1|1|1|1,3|1|1|1|1|1|1|1|1|1|0,6|1,3|0,6|0|0|0|1|1|1|1|1|1|1|1|1|1|0|0|1|0|0,1,6|4,3,6|1,3|1,3|1,3|1,3|1|1|1|1|1|1|1|1|1|0|1,3|0,6|0|0|0|1|1|1|1|1|1|1|1|1|1|0,6|0|1|0|1|1|1|1|1|1|1|1|1|1|1|1|1|1|1|0,6|1,3|0,6|0,6|0,6|0,6|1|1|1|1|1|1|1|1|1|1|0,6|0,6|1|0,6|1|1|1|1|1|1|1|1|1|1|1|1|1|1|1|0,6|1,3|0,6|0,6|0,6|0,6|1|1|1|1|1|1|1|1|1|1|0,6|0,6|1|0,6|0,1,6|4,3,6|1,3|1,3|1,3|1|1|1|1|1|1|1|1|1|1|0,1|1,3|0,1,6|0,1|0,1|0|1|1|1|1|1|1|1|1|1|1|0,6|0|1|0|1|1|1|1|1,3|1|1|1|1|1|0,6|1|1|1|1|0|1,3|0,6|0|0|0|1|1|1|1|1|1|1|1|1|1|0|0|1|0|1|1|1|1|1,3|1|1|1|1|1|0,6|1|1|1|1|0|1,3|0,6|0|0|0|1|1|1|1|1|1|1|1|1|1|0|0|1|0|1|1|1|1|1,3|1|1|1|1|1|0,6|1|1|1|1|0,6|1,3|0,6|0|0|0|1|1|1|1|1|1|1|1|1|1|0|0|1|0|1|1|1|1|1,3|1,3|1|1|1|1|4,3,6|1|0,6|0,6|0,6|0,6|1,3|0,6|0|0|0|1|1|1|1|1|1|1|1|1|1|2|0|1|0|1|1|1|1|1|1,3|1|1|1|1|1,3|1|1|1|1|1|1,3|0,6|0|0|0|1|1|1|1|1|1|1|1|1|1|1|0|1|0|1|1|1|1|1|1,3|1,3|1,3|1,3|1,4,3|1,3|1,3|1,3|1,3|1,3|1,3|1,3|0,6|0|0|0|1|1|1|1|1|1|1|1|1|1|1|0|1|0|1|1|1|1|1|1|1|1|1|1|1|1|1|0,6|0|0|0|0|0|0|0|1|1|1|1|1|1|1|1|1|1|1|0|1|0|1|1|1|1|1|1|1|1|1|1|1|1|1|1|1|1|0,6|0|0|0|0|1|1|1|1|1|1|1|1|1|1|1|0|1|0|1|1|1|1|1|1|1|1|1|1|1|1|1|1|1|1|0,6|0|0|0|0|1|1|1|1|1|1|1|1|1|1|2|0|1|0|1|1|1|1|1|1|1|1|1|1|1|1|1|0,6|0,2,6|1|0,6|0|0|0|0|1|1|1|1|1|1|1|1|1|1|0|0|1|1|1|1|1|1|1|1|1|1|1|1|1|1|1|0,6|0,2,6|1|0,6|0|0|0|0|1|1|1|1|1|1|1|1|1|1|0|0|1|1|1|1|1|1|1|1|1|1|1|1|1|1|1|1|0,2,1,6|1|0,6|0|0|0|0,7|1|1|1|1|1|1|1|1|1|1|0|0|1|1|1|1|1|1|1|1|1|1|1|1|1|1|1|1|0,1|1|0,1,6|0,1|0|0|0,7|1|1|1|1|1|1|1|1|1|1|0|0|1|0|1|1|1|1|1|1|1|1|1|1|1|1|1|1|0,1,6|1|0,1,6|0,1,6|0,6|0,6|0|2|1|1|1|1|1|1|1|1|1|0|0|1|0|1|1|1|1|1|1|1|1|1|1|1|1|1|1|0,1,6|1|0,1,6|0,2,1,6|0,1,6|0,1,6|0|0|0|0|0|1|0|0,2|0|0|1|0|0|1|0|1|1|1|1|1|1|1|1|1|1|1|1|1|1|0,1|1|0,6|0,2|0,6|0,6|0|0|0|0|0|0,6|0|0,2|0|0|0,6|0|0|1|0|1|1|1|1|1|1|1|1|1|1|1|1|1|1|0,6|1|0,6|0,2|0,6|0,6|0|0|0,6|0,6|0,6|0,6|0,6|0,2,6|0,6|0,6|0,6|0|0|1|0|1|1|1|1|1|1|1|1|1|1|1|1|1|1|0,6|1|0,6|0,2|0,6|0,6|0|0,6|0,6|0,6|0,6|1|0,6|0,2,6|0,6|0,6|1|0|0|1|0|1|1|1|1|1|1|1|1|1|1|1|1|0,6|0,6|0,6|1|0,6|0,2|0,6|0,6|0|2,6|1|1|1|1|1|1|1|1|1|0|0|1|0|1|1|1|1|1|1|1|1|1|1|1|1|1|0,6|0,6|1|0,6|0,2|0,6|0,6|0,7,6|1|1|1|1|1|1|1|1|1|1|0|0|1|0|2,2,6|1|1|1|1|1|1|1|1|1|1|1|1|1|1|1|0,6|0,2|0,6|0,6|0,7,6|1|1|1|1|1|1|1|1|1|1|0|0|1|0|0,2,1,6|0,1,7,6|1|1|1|1|1|1|1|1|1|1|1|1|1|1|0,6|0,2|0|0|0|1|1|1|1|1|1|1|1|1|1|0|0|1|0|0,2,6|0,6|0,11,6|1|1|1|1|1|1|1|1|1|1|1|1|1|0,6|0,6|0|0|0|1|1|1|1|1|1|1|1|1|1|0,6|0|1|0|0,2,6|0,6|0,6|0,1,6|4,3,6|1,3|1,3|1,3|1,3|1,4,3|1|1|1|1|1|1|1|1|1|0|2|1|1|1|1|1|1|1|1|1|1|2,6|0|1|0|0,2,6|0,6|0,11,6|1|1|1|1|1|1|1|1|1|1|1|1|1|1|1|1|0,1|1|1|1|1|1|1|1|1|1|1|1|1|0|1|0|0,2,7,6|1|1|1|1|1|1|1|1|1|1|1|1|1|1|1|1|1|1|0,1|1|1|1|1|1|1|1|1|1|1|1|1|0|1|0|0,2,6|1|1|1|1|1|1|1|1|1|1|1|1|1|1|1|1|1|0|0|2|1|1|1|1|1|1|1|1|1|1|1|0|1|0|1|1|1|1|1|1|1|1|1|1|1|1|1|1|1|1|1|1|0|0|0,11|1|1|1|1|1|1|1|1|1|1|1|0|1|0|1|1|1|1|1|1|1|1|1|1|1|1|1|1|1|0|1|1|0|0|0,11|1|1|1|1|1|1|1|1|1|1|2|0|1|0|1|1|1|1|1|1|1|1|1|1|1|1|1|1|1|0|1|1|0|0|0,11|1|1|1|1|1|1|1|1|1|1|0|0|1|0|1|1|1|1|1|1|1|1|1|1|1|1|1|1|1|0|1|1|0|0|0,11|1|1|1|1|1|1|1|1|1|1|0|0|1|0|1|1|1|1|1|1|1|1|1|1|1|1|1|1|1|0|1|1|0|0|0|1|1|1|1|1|1|1|1|1|1|0|0|1|0|1|1|1|1|1|1|1|1|1|1|1|1|1|1|1|0|1|1|0|0|0|1|1|1|1|1|1|1|1|1|1|0|0|1|0|1|1|1|1|1|1|1|1|1|1|1|1|1|1|1|0|1|1|0|0|0|1|1|1|1|1|1|1|1|1|1|0|0|1|0|1|1|1|1|1|1|1|1|1|1|1|1|1|1|1|0|1|1|0|0|0|1|1|1|1|1|1|1|1|1|1|0|0|1|0|1|1|1|1|1|1|1|1|1|1|1|1|1|1|1|0|1|1|0|0|0|1|1|1|1|1|1|1|1|1|1|0|0|1|0|1|1|1|1|1|1|1|1|1|1|1|1|1|1|1|0|1|1|0|0|0|1|1|1|1|1|1|1|1|1|1|0|0|1|0|1|1|1|1|1|1|1|1|1|1|1|1|1|1|1|0|1|1|0|0|0|1|1|1|1|1|1|1|1|1|1|0|0|0,6|0|1|1|1|1|1|1|1|1|1|1|1|1|1|1|1|0|1|1|0|0|0|1|1|1|1|1|1|1|1|1|1|0|0|1|0|1|1|1|1|1|1|1|1|1|1|1|1|1|1|1|0|1|1|0,2|0|0|1|1|1|1|1|1|1|1|1|1|0|0|1|0|1|1|1|1|1|1|1|1|1|1|1|1|1|1|1|0,1|1|1|0,2,1|0|0|1|1|1|1|1|1|1|1|1|1|0|0|1|0|1|1|1|1|1|1|1|1|1|1|1|1|1|1|1|0|1|1|0,2|0|0|1|1|1|1|1|1|1|1|1|1|0,6|0|1|0|1|1|1|1|1|1|1|1|1|1|1|1|1|1|1|0|1|1|0,2|0|0|1|1|1|1|1|1|1|1|1|1|2,6|0|1|0|1|1|1|1|1|1|1|1|1|1|1|1|1|1|1|0|1|1|0|0|0|1|1|1|1|1|1|1|1|1|1|1|0|1|0|1|1|1|1|1|1|1|1|1|1|1|1|1|1|1|0|1|1|0|0|0|1|1|1|1|1|1|1|1|1|1|1|0|1|0|1|1|1|1|1|1|1|1|1|1|1|1|1|1|1|0|1|1|0|0|0|1|1|1|1|1|1|1|1|1|1|1|0|1|0|1|1|1|1|1|1|1|1|1|1|1|1|1|1|1|0|1|1|0|0|0|1|1|1|1|1|1|1|1|1|1|1|0|1|0|1|1|1|1|1|1|1|1|1|1|1|1|1|1|1|0|1|1|0|0|0|1|1|1|1|1|1|1|1|1|1|2|0|1|0|1|1|1|1|1|1|1|1|1|1|1|1|1|1|1|0|1|1|0|0|0|1|1|1|1|1|1|1|1|1|1|0|0|1|0|1|1|1|1|1|1|1|1|1|1|1|1|1|1|1|0|1|1|0|0|0|1|1|1|1|1|1|1|1|1|1|0|0|1|0|1|1|1|1|1|1|1|1|1|1|1|1|1|1|0|0|1|1|0|0|0|1|1|1|1|1|1|1|1|1|1|0|0|1|0|1|1|1|1|1|1|1|1|1|1|1|1|1|1|0|0|1|1|0|0|0|1|1|1|1|1|1|1|1|1|1|0|0|1|0|1|1|1|1|1|1|1|1|1|1|1|1|1|1|0|0|1|1|0|0|0|2|1|1|1|1|1|1|1|1|1|0|0|1|0|1|1|1|1|1|1|1|1|1|1|1|1|1|1|0|0|1|1|0|0|0|0|0,6|0,6|0|1|0|0|0|0|1|0|0|1|0,2|1|1|1|1|1|1|1|1|1|1|1|1|1|1|0|0|1|1|0|0|0|0|0,6|0,6|0|0|0|0|0|0|0|0|0|1|4,3,6|1|1|1|1|1|1|1|1|1|1|1|1|1|1|0|0|1|1|0|0,6|0,6|0,6|0,6|0,6|0,6|0,6|0,6|0,6|0,6|0,6|0,6|0,6|0,6|1|1,3|1|1|1|1|1|1|1|1|1|1|1|1|1|1|0|0|1|1|0|0,6|0,3,6|0,3,6|0,3,6|0,3,6|0,3,6|0,3,6|0,3,6|0,3,6|0,3,6|0,3,6|0,3,6|0,3,6|0,3,6|1,3|1,3|1|1|1|1|1|1|1|1|1|1|1|1|1|0|0|0|1|1|0|0,6|0,3,6|0|0,6|0,6|0|0|0|0|0|0|0|0|0,6|1|1|1|1|1|1|1|1|1|1|1|1|1|1|1|0|2,6|1|1|1|0|0,6|0,3,6|0|0,6|0,6|0|0|0|0|0|0|0|0,6|0,6|1|0|1|1|1|1|1|1|1|1|1|1|1|1|1|0|1|1|1|2,6|0|0,6|0,3,6|0|0,6|0,6|0|0|0|0|0|0|0,6|0,6|0,6|1|0|1|1|1|1|1|1|1|1|1|1|1|1|0,6|0|1|1|0|0|0,3,6|0,3,6|0,3,6|0|0,6|0,6|0|0|0|0|0|0,6|0,6|0,6|0,6|1|0|1|1|1|1|1|1|1|1|1|1|1|1|0,6|0|1|1|0|0,6|0,3,6|0,6|0,6|0|0,6|0,6|0|0|0|0,6|0,6|0,6|0,6|0,6|0,6|1|0|1|1|1|1|1|1|1|1|1|1|1|0,6|0|0|1|1|0|0,6|0,3,6|0,6|0,6|0|0,6|0,6|0|1|0,6|0,6|0,6|0,6|1|0,6|0,6|1|0|1|1|1|1|1|1|1|1|1|1|1|0|0|0|1|1|0|0,3,6|0,3,6|0|0|2|1|1|1|1|1|1|0,6|1|1|0,6|0,6|1|0|1|1|1|1|1|1|1|1|1|1|1|1|1|1|1|1|0|0,3,6|0,3,6|0|0|1|1|1|1|1|1|1|4,3,6|1|1|0,6|0,6|1|0|1|1|1|1|1|1|1|1|1|1|1|1|1|1|1|1|0|0,6|0,3,6|0|0|1|1|1|1|1|1|1|1,3|1|1|0,6|0,6|1|0|1|1|1|1|1|1|1|1|1|1|1|0|0|0|0|0,6|0|0,6|0,3,6|0|0|1|1|1|1|1|1|1|1,3|1|1|0,6|0,6|1|0|1|1|1|1|1|1|1|1|1|1|1|0,6|0,6|0,6|0,6|0,3,6|0,3,6|0,3,6|0,3,6|0|0|1|1|1|1|1|1|1|1,3|1|1|0|0,6|1|0|1|1|1|1|1|1|1|1|1|2,6|1|0,6|0,6|0,6|0,6|0,3,6|0,6|0,6|0,6|0|0,6|0,6|4,3,6|1,3|1,3|1,3|1,3|1,3|1,3|1|1|2|0|1|0|1|1|1|1|1|1|1|0,6|0,6|0,6|1|1|0|0|0|0,3,6|0|0|0|0|0,6|1|1|1|1|1|1|1|1|1|1|1|0|1|0|1|1|1|1|1|1|1|0,6|1|1|1|0,2,6|0|0|0|0,3,6|0|0|0|0,6|0,6|1|1|1|1|1|1|1|1|1|1|1|0|1|0|1|1|1|1|1|1|1|0,6|1|1|1|0,2,6|0|0|0|0,3,6|0|0,2,1,6|0,1,6|0,1,6|0,1,6|1|1|1|1|1|1|1|1|1|1|1|0|1|0|1|1|1|1|1|1|1|0,6|1|1|1|0,2|0|0|0|0,3,6|1|0,2,6|0,6|0,6|0,6|1|1|1|1|1|1|1|1|1|1|1|0|1|0|1|1|1|1|1|1|1|0,6|1|1|1|0|0|0|0|0,3,6|1|0,2,6|0,6|0,6|0,6|1|1|1|1|1|1|1|1|1|1|2|0|1|0|1|1|1|1|1|1|1|0,6|1|1|1|1|0|0|0|1,3|1|0,2,1,6|0,1,6|0,1,6|0,6|1|1|1|1|1|1|1|1|1|1|0|0|1|0|1|1|1|1|1|1|1|0,6|1|1|1|1|0|0|0,6|1,3|1|0,2,6|0,6|0,6|0,6|1|1|1|1|1|1|1|1|1|1|0|0|1|0|1|1|1|1|1|1|1|0,6|1|1|1|1|0|0|1|1,3|1|0,2,6|0,6|0,6|0,6|1|1|1|1|1|1|1|1|1|1|0|0|1|0|1|1|1|1|1|1|1|0,6|1|1|1|1|0|0|1|1,3|1|1|0,6|0,6|0,6|1|1|1|1|1|1|1|1|1|1|0|0|1|0|1|1|1|1|1|1|1|0,6|1|1|1|1|0|0|1|1,3|1|1|0,6|0,6|0,6|1|1|1|1|1|1|1|1|1|1|0|0|1|0|1|1|1|1|1|1|1|0,6|1|1|1|1|0|0|1|1,3|4,3,6|0,2,6|0,6|0,6|0,6|1|1|1|1|1|1|1|1|1|1|0|0|1|0|1|1|1|1|1|1|1|0,6|1|1|1|0,2,6|0|0|1|1|1|1|0,6|0,6|0,6|1|1|1|1|1|1|1|1|1|1|0|0|1|0|1|1|1|1|1|1|1|0,6|1|1|1|1|0|0|1|1|1|1|0,6|0,6|0,6|1|1|1|1|1|1|1|1|1|1|0,6|0,6|1|0|1|1|1|1|1|1|1|0,6|1|1|1|1|0|0|1|1|1|1|0,6|0,6|0,6|1|1|1|1|1|1|1|1|1|1|0,6|0,6|1|0|1|1|1|1|1|1|1|0,6|1|1|1|1|0|0|1|1|1|1|0,6|0,6|0|1|1|1|1|1|1|1|1|1|1|0|0|1|0|1|1|1|1|1|1|1|0,6|1|1|1|1|0|0|1|1|1|1|0,6|0,6|0|1|1|1|1|1|1|1|1|1|1|0|0|1|0|1|1|1|1|1|1|1|0,6|1|1|1|1|0|0|1|1|1|1|0,6|0,6|0|1|1|1|1|1|1|1|1|1|1|0|0|1|0|1|1|1|1|1|1|1|0,6|1|1|1|1|0|0|0,2,6|1|1|1|0,6|0|0|1|1|1|1|1|1|1|1|1|1|0|0|1|0|1|1|1|1|1|1|1|0,6|1|1|1|1|0|0|0|1|1|1|1|0|0|1|1|1|1|1|1|1|1|1|1|2|0|1|0|1|1|1|1|1|1|1|0,6|1|1|1|1|0|0|0|1|1|1|1|0|0|1|1|1|1|1|1|1|1|1|1|1|0|1|0,2|1|1|1|1|1|1|1|0,6|1|1|1|1|0|0|0|1|1|1|1|0|0|1|1|1|1|1|1|1|1|1|1|1|0|1|0,2|1|1|1|1|1|1|1|0,6|1|1|1|1|0|0|0,2|1|1|1|1|1|0|1|1|1|1|1|1|1|1|1|1|1|0|1|0,2|1|1|1|1|1|1|1|0,6|1|1|1|1|0|0|1|1|1|1|1|1|0|1|1|1|1|1|1|1|1|1|1|1|0|1|1|1|1|1|1|1|1|1|0,6|1|1|1|0|0|0|1|1|1|1|1|1|0|1|1|1|1|1|1|1|1|1|1|2|0|1|1|1|1|1|1|1|1|1|0,6|1|1|1|0|0|1|1|1|1|1|1|1|0|1|1|1|1|1|1|1|1|1|1|0|0|1|1|1|1|1|1|1|1|1|0,6|1|1|1|0|0,6|1|1|1|1|1|1|1|1|1|1|1|1|1|1|1|1|1|1|0|0|1|0|1|1|1|1|1|1|1|0,6|1|1|1|0,6|1|1|1|1|1|1|1|1|1|1|1|1|1|1|1|1|1|1|1|0|0|0|0|1|1|1|1|1|1|1|0,6|1|1|1|4,3,6|1|1|1|1|1|1|1|1|1|1|1|1|1|1|1|1|1|1|1|0|0|0|0|1|1|1|1|1|1|1|0,6|1|1|1|1,3|1|1|1|1|1|1|1|1|1|2|1|1|1|1|1|1|1|1|1|0|0|1|0|1|1|1|1|1|1|1|0,6|1|1|1|1,3|1|1|1|1|1|1|1|1|1|1|0|0|0|1|0|0|0|0,2|1|0|0|1|0|1|0,6|1|1|1|1|1|2,6|0,6|1|1|1,3|1|1|1|1|1|1|1|1,3|4,3,6|0,6|0|0|0|0,2|0|0|0|0,2|0|0|0|1|0|1|0,6|3,6|0,2,6|1|1|1|1|2,6|0,6|1|1,3|1|1|1|1|1|1|1|1,3|1|1|0|0|0|0|0|0|0|0,2|0|0|0|1|0|0|0|3|0,2,6|3,6|1|1|1|1|1|1|1,3|1|1|1|1|1|1|1|1,3|1,3|1|1|0|0|0|0|0|0|0,2|0|0|0|1|0|0|0|3|0|3,6|0,2,6|1|1|1|1|1|1,3|1,3|1|1|1|1|1|1|1|1,3|1|1|0,1|0,1|0,1|0,2,1|0,1|0|0|0|0|0|1|0|0|0|3|0|0|0,2,6|1|1|1|1|1|1|1,3|1,3|1|1|1|1|1|1|1,3|1,3|1|0|0|0|0,2|0|0|0|0|0|0|3|0|0|0|3|0|0,1|0,2,1|0,1,6|0,1,6|4,3,6|1,3|1|1|1|1,3|1,3|1|1|1|1|1|1|1,3|1|1|1|0,6|0,2|0|0|0|0|0|0|3|0|0|0|0|0|0|0,2|0,6|1|1|1,3|1|1|1|1|1,3|1|1|1|1|1|1|1,3|1,3|1|1|1|1|0,6|0|0|0|0|0|3|0|0|0|0|0|0|0|0|0,2,6|1|1,3|1|1|1|1|1,3|1|1|1|1|1|1|1|1,3|1|1|1|1|1|0,2,6|1|0|0|0|3|0|0|0|0|0|0|0|0|0,2|1|1,3|1|1|1|1|1,3|1|1|1|1|1|1|1|1,3|1|1|1|1|1|4,3,6|1|0,6|0|0|0|0|0|0|0|0,2|0|0|3|0,2|1|1,3|1|1|1|1|1,3|1|1|1|1|1|1|1|1,3|1|1|1|1|1|1,3|1|1|1|1|0,6|0|0|0|3|0,2|0|0|3|0,2|1|1,4,3|1|1|1|1|1,4,3|1|1|1|1|1|1|1|1,3|1,3|1,3|1,3|1,3|1,3|1,3|1|1|1|1|1|0,6|0|0|3|0,2|0|0|3|0,2|1|1|1|1|1|1|1|1|1|1|1|1|1|1|1|1|1|1|1|1|1|1|1|1|1|1|0,6|0,6|0|3|0,2|0,6|0|3,6|1|1|1|1|1|1|1|1|1|1|1|1|1|1|1|1|1|1|1|1|1|1|1|1|1|1|1|1|0,6|0,6|3|0,2|0|0|3,6|1|1|1|1|1|1|1|1|1|1|1|1|1|1|1|1|1|1|1|1|1|1|1|1|1|1|1|1|0,2,6|1|3|0,2|0|0,6|1|1|1|1|1|1|1|1|1|1|1|1|1|1|1|1|1|1|1|1|1|1|1|1|1|1|1|1|1|4,3,6|1|1|0,2,6|1|0,2,6|1|1|1|1|1|1|1|1|1|1|1|1|1|1|1|1|1|1|1|1|1|1|1|1|1|1|1|1|1|1,3|1|1|4,3,6|1|4,3,6|1|1|1|1|1|1|1|1|1|1|1|1|1|1|1|1|1|1|1|1|1|1|1|1|1|1,5,3|1,3|1,3|1,3|1,3|1|1|1,3|1|1,3|1|1|1|1|1|1|1|1|1|1|1|1|1|1|1|1|1|1|1|1|1|1|1|1|1|1|1|1|1|1|1|1|1,3|1|1,3|1,3|1,3|1,12,3|1|1|1|1|1|1|1|1|1|1|1|1|1|1|1|1|1|1|1|1|1|1|1|1|1|1|1|1|1|1,3|1|1|1|1|1|1|1|1|1|1|1|1|1|1|1|1|1|1|1|1|1|1|1|1|1|1|1|1|1|1|1|1|1|1|1,3|1|1|1|1|1|1|1|1|1|1|1|1|1|1|1|1|1|1|1|1|1|1|1|1|1|1|1|1|1|1|1|1|1|1|1,3|1|1|1|1|1|1|1|1|1|1|1|1|1|1|1|1|1|1|1|1|1|1|1|1|1|1|1|1|1|1|1|1|1|1|1,3|1|1|1|1|1|1|1|1|1|1|1|1|1|1|1|1|1|1|1|1|1|1|1|1|1|1|1|1|1|1|1|1|1|1|1,3|1|1|1|1|1|1|1|1|1|1|1|1|1|1|1|1|1|1|1|1|1|1|1|1|1|1|1|1|1|1|1|1|1|1|1,3|1|1|1|1|1|1|1|1|1|1|1|1|1|1|1|1|1|1|1|1|1|1|1|1|1|1|1|1|1|1|1|1|1|1|1,4,3|1|1|1|1|1|1|1|1|1|1|1|1|1|1|1|1|1|1|1|1|1|1|1|1|1|1|1|1|1|1|1|1|1|1|1|1|1|1|1|1|1|1|1|1|1|1|1|1|1|1|1|1|1|1|1|1|1|1|1|1|1|1|1|1|1|1|1|1|1|1|1|1|1|1|1|1|1|1|1|1|1|1|1|1|1|1|1|1|1|1|1|1|1|1|1|1|1|1|1|1|1|1|1|1|1|1|1|1|1|1|1|1|1|1|1|1|1|1|1|1|1|1|1|1|1|1|1|1|1|1|1|1|1|1|1|1|1|1|1|1|1|1|1|1|1|1|1|1|1|1|1|1|1|1|1|1|1|1|1|1|1|1|1|1|1|1|1|1|1|1|1|1|1|1|1|1|1|1|1|1|1|
camera angles:0,0;0,0;0,0;0,0|0,0;0,0;0,0;0,0|0,0;0,0;0,0;0,0|0,0;0,0;0,0;0,0
